27
0 0 1280 720 tlolvl1 0 0 0
1280 0 1280 720 tlolvl1 0 0 0
0 620 500 40 platform1 0 1 0
490 620 500 40 platform1 0 1 0
950 540 15 40 torch 1 0 2 0.1 0 0
910 0 45 70 wyjsciezkanalow 0 5 0
740 380 500 40 platform1 0 1 0
660 80 500 40 platform1 0 1 0
720 540 15 40 torch 1 0 2 0.1 0 0
410 540 15 40 torch 1 0 2 0.1 0 0
1140 440 15 40 torch 1 0 2 0.1 0 0
810 440 15 40 torch 1 0 2 0.1 0 0
840 320 15 40 torch 1 0 2 0.1 0 0
640 220 15 40 torch 1 0 2 0.1 0 0
900 120 15 40 torch 1 0 2 0.1 0 0
1250 120 15 40 torch 1 0 2 0.1 0 0
690 20 15 40 torch 1 0 2 0.1 0 0
1120 20 15 40 torch 1 0 2 0.1 0 0
810 540 80 40 platform3 0 1 0
690 480 80 40 platform3 0 1 0
830 420 80 40 platform3 0 1 0
920 260 80 40 platform3 0 1 0
820 200 500 40 platform1 0 1 0
1010 280 15 40 torch 1 0 2 0.1 0 0
1160 140 80 40 platform3 0 1 0
1040 320 80 40 platform3 0 1 0
60 100 800 400 tlotutorial 0 0 0
