110
0 0 1280 720 tlolvl1 0 0 0
1280 0 1280 720 tlolvl1 0 0 0
2560 0 1280 720 tlolvl1 0 0 0
3840 0 1280 720 tlolvl1 0 0 0
5120 0 1280 720 tlolvl1 0 0 0
6400 0 1280 720 tlolvl1 0 0 0
0 540 300 75 faleszambatest 3 0 2 0.30 0 2 0.30 0 2 0.30 0 0
300 540 300 75 faleszambatest 3 0 2 0.30 0 2 0.30 0 2 0.30 0 1
600 540 300 75 faleszambatest 3 0 2 0.30 0 2 0.30 0 2 0.30 0 2
900 540 300 75 faleszambatest 3 0 2 0.30 0 2 0.30 0 2 0.30 0 0
1200 540 300 75 faleszambatest 3 0 2 0.30 0 2 0.30 0 2 0.30 0 1
1500 540 300 75 faleszambatest 3 0 2 0.30 0 2 0.30 0 2 0.30 0 2
1800 540 300 75 faleszambatest 3 0 2 0.30 0 2 0.30 0 2 0.30 0 0
2100 540 300 75 faleszambatest 3 0 2 0.30 0 2 0.30 0 2 0.30 0 1
2400 540 300 75 faleszambatest 3 0 2 0.30 0 2 0.30 0 2 0.30 0 2
2700 540 300 75 faleszambatest 3 0 2 0.30 0 2 0.30 0 2 0.30 0 0
3000 540 300 75 faleszambatest 3 0 2 0.30 0 2 0.30 0 2 0.30 0 1
3300 540 300 75 faleszambatest 3 0 2 0.30 0 2 0.30 0 2 0.30 0 2
3600 540 300 75 faleszambatest 3 0 2 0.30 0 2 0.30 0 2 0.30 0 0
3900 540 300 75 faleszambatest 3 0 2 0.30 0 2 0.30 0 2 0.30 0 1
4200 540 300 75 faleszambatest 3 0 2 0.30 0 2 0.30 0 2 0.30 0 2
4500 540 300 75 faleszambatest 3 0 2 0.30 0 2 0.30 0 2 0.30 0 0
4800 540 300 75 faleszambatest 3 0 2 0.30 0 2 0.30 0 2 0.30 0 1
5100 540 300 75 faleszambatest 3 0 2 0.30 0 2 0.30 0 2 0.30 0 2
5400 540 300 75 faleszambatest 3 0 2 0.30 0 2 0.30 0 2 0.30 0 0
5700 540 300 75 faleszambatest 3 0 2 0.30 0 2 0.30 0 2 0.30 0 1
6000 540 300 75 faleszambatest 3 0 2 0.30 0 2 0.30 0 2 0.30 0 2
0 510 500 40 platform1 0 1 0
500 430 80 40 platform3 0 1 0
410 360 80 40 platform3 0 1 0
500 290 80 40 platform3 0 1 0
410 210 80 40 platform3 0 1 0
500 140 80 40 platform3 0 1 0
770 510 500 40 platform1x 0 3 0
330 90 80 40 platform3 0 1 0
340 50 40 40 wajha 2 0 0 0 0 0 0 2 0
650 140 80 40 platform3 0 1 0
670 290 80 40 platform3 0 1 0
1400 470 300 40 platform2 0 1 0
1720 420 300 40 platform2 0 1 0
1620 350 80 40 platform3 0 1 0
1290 290 300 40 platform2 0 1 0
2080 460 500 40 platform1 0 1 0
2300 450 40 10 kolce 2 0 0 0 0 0 0 4 0 50 5
380 80 15 10 kupmina 2 0 0 0 0 0 0 4 0 1 3
190 120 80 40 platform3 0 1 0
210 110 40 10 kolce 2 0 0 0 0 0 0 4 0 50 5
1780 140 500 40 platform1 0 1 0
2400 190 80 40 platform3 0 1 0
2640 220 80 40 platform3 0 1 0
2800 160 500 40 platform1 0 1 0
2740 500 80 40 platform3x 0 3 0
3090 510 300 40 platform2 0 1 0
3400 230 300 40 platform2 0 1 0
3270 300 80 40 platform3 0 1 0
3410 340 500 40 platform1 0 1 0
3560 510 300 40 platform2 0 1 0
3760 180 80 40 platform3 0 1 0
3900 120 80 40 platform3 0 1 0
4030 70 80 40 platform3 0 1 0
4190 70 300 40 platform2 0 1 0
4430 30 40 40 wajha 2 0 0 0 0 0 0 2 0
4310 60 40 10 kolce 2 0 0 0 0 0 0 4 0 50 5
3100 500 15 10 kupmina 2 0 0 0 0 0 0 4 0 1 3
4610 510 300 40 platform2 0 1 0
4870 500 15 10 kupmina 2 0 0 0 0 0 0 4 0 1 3
4970 470 80 40 platform3 0 1 0
3930 110 15 10 kupmina 2 0 0 0 0 0 0 4 0 1 3
4090 60 15 10 kupmina 2 0 0 0 0 0 0 4 0 1 3
3770 170 15 10 kupmina 2 0 0 0 0 0 0 4 0 1 3
4240 500 80 40 platform3 0 1 0
4470 500 80 40 platform3 0 1 0
4000 510 80 40 platform3 0 1 0
5000 430 40 40 wajha 2 0 0 0 0 0 0 2 0
1110 70 80 40 platform3 0 1 0
1130 0 45 70 wyjsciezkanalow 0 5 0
1370 130 80 40 platform3x 0 3 0
1630 200 80 40 platform3 0 1 0
1560 280 15 10 kupmina 2 0 0 0 0 0 0 4 0 1 3
2670 210 15 10 kupmina 2 0 0 0 0 0 0 4 0 1 3
440 440 15 40 torch 1 0 2 0.1 0 0
20 430 15 40 torch 1 0 2 0.1 0 0
230 60 15 40 torch 1 0 2 0.1 0 0
440 150 15 40 torch 1 0 2 0.1 0 0
1090 10 15 40 torch 1 0 2 0.1 0 0
1190 10 15 40 torch 1 0 2 0.1 0 0
1300 230 15 40 torch 1 0 2 0.1 0 0
1540 230 15 40 torch 1 0 2 0.1 0 0
1420 410 15 40 torch 1 0 2 0.1 0 0
1650 410 15 40 torch 1 0 2 0.1 0 0
1760 360 15 40 torch 1 0 2 0.1 0 0
1970 360 15 40 torch 1 0 2 0.1 0 0
2510 390 15 40 torch 1 0 2 0.1 0 0
2130 390 15 40 torch 1 0 2 0.1 0 0
1810 70 15 40 torch 1 0 2 0.1 0 0
2230 70 15 40 torch 1 0 2 0.1 0 0
2830 100 15 40 torch 1 0 2 0.1 0 0
3250 100 15 40 torch 1 0 2 0.1 0 0
3110 430 15 40 torch 1 0 2 0.1 0 0
3350 430 15 40 torch 1 0 2 0.1 0 0
3600 440 15 40 torch 1 0 2 0.1 0 0
3790 440 15 40 torch 1 0 2 0.1 0 0
3850 280 15 40 torch 1 0 2 0.1 0 0
3430 170 15 40 torch 1 0 2 0.1 0 0
3630 170 15 40 torch 1 0 2 0.1 0 0
3490 290 15 40 torch 1 0 2 0.1 0 0
4630 440 15 40 torch 1 0 2 0.1 0 0
4870 440 15 40 torch 1 0 2 0.1 0 0
4320 0 15 40 torch 1 0 2 0.1 0 0
4270 490 15 10 kupmina 2 0 0 0 0 0 0 4 0 1 3
