82
0 0 1280 720 tlolvl1 0 0 0
1280 0 1280 720 tlolvl1 0 0 0
2560 0 1280 720 tlolvl1 0 0 0
3840 0 1280 720 tlolvl1 0 0 0
5120 0 1280 720 tlolvl1 0 0 0
0 540 300 75 faleszambatest 3 0 2 0.30 0 2 0.30 0 2 0.30 0 0
300 540 300 75 faleszambatest 3 0 2 0.30 0 2 0.30 0 2 0.30 0 0
600 540 300 75 faleszambatest 3 0 2 0.30 0 2 0.30 0 2 0.30 0 0
900 540 300 75 faleszambatest 3 0 2 0.30 0 2 0.30 0 2 0.30 0 0
1200 540 300 75 faleszambatest 3 0 2 0.30 0 2 0.30 0 2 0.30 0 0
1500 540 300 75 faleszambatest 3 0 2 0.30 0 2 0.30 0 2 0.30 0 0
1800 540 300 75 faleszambatest 3 0 2 0.30 0 2 0.30 0 2 0.30 0 0
2100 540 300 75 faleszambatest 3 0 2 0.30 0 2 0.30 0 2 0.30 0 0
2400 540 300 75 faleszambatest 3 0 2 0.30 0 2 0.30 0 2 0.30 0 0
2700 540 300 75 faleszambatest 3 0 2 0.30 0 2 0.30 0 2 0.30 0 0
3000 540 300 75 faleszambatest 3 0 2 0.30 0 2 0.30 0 2 0.30 0 0
3300 540 300 75 faleszambatest 3 0 2 0.30 0 2 0.30 0 2 0.30 0 0
3600 540 300 75 faleszambatest 3 0 2 0.30 0 2 0.30 0 2 0.30 0 0
3900 540 300 75 faleszambatest 3 0 2 0.30 0 2 0.30 0 2 0.30 0 0
4200 540 300 75 faleszambatest 3 0 2 0.30 0 2 0.30 0 2 0.30 0 0
4500 540 300 75 faleszambatest 3 0 2 0.30 0 2 0.30 0 2 0.30 0 0
4800 540 300 75 faleszambatest 3 0 2 0.30 0 2 0.30 0 2 0.30 0 0
5100 540 300 75 faleszambatest 3 0 2 0.30 0 2 0.30 0 2 0.30 0 0
5400 540 300 75 faleszambatest 3 0 2 0.30 0 2 0.30 0 2 0.30 0 0
5700 540 300 75 faleszambatest 3 0 2 0.30 0 2 0.30 0 2 0.30 0 0
6000 540 300 75 faleszambatest 3 0 2 0.30 0 2 0.30 0 2 0.30 0 0
6300 540 300 75 faleszambatest 3 0 2 0.30 0 2 0.30 0 2 0.30 0 0
0 520 500 40 platform1 0 1 0
470 200 300 40 platform2 0 1 0
2050 520 500 40 platform1 0 1 0
3490 460 80 40 platform3 0 1 0
2990 160 500 40 platform1 0 1 0
2530 200 300 40 platform2 0 1 0
2030 200 500 40 platform1 0 1 0
1660 220 300 40 platform2 0 1 0
30 400 15 40 torch 1 0 2 0.1 0 0
300 400 15 40 torch 1 0 2 0.1 0 0
560 400 15 40 torch 1 0 2 0.1 0 0
2380 380 15 40 torch 1 0 2 0.1 0 0
2760 380 15 40 torch 1 0 2 0.1 0 0
2970 280 15 40 torch 1 0 2 0.1 0 0
3130 280 15 40 torch 1 0 2 0.1 0 0
3400 80 15 40 torch 1 0 2 0.1 0 0
3130 80 15 40 torch 1 0 2 0.1 0 0
2670 120 15 40 torch 1 0 2 0.1 0 0
2420 120 15 40 torch 1 0 2 0.1 0 0
2120 120 15 40 torch 1 0 2 0.1 0 0
1810 140 15 40 torch 1 0 2 0.1 0 0
2920 440 300 40 platform2 0 1 0
350 140 80 40 platform3 0 1 0
210 120 80 40 platform3 0 1 0
1070 260 80 40 platform3 0 1 0
1090 200 15 40 torch 1 0 2 0.1 0 0
1390 100 15 40 torch 1 0 2 0.1 0 0
860 220 80 40 platform3 0 1 0
1470 380 80 40 platform3 0 1 0
1510 320 15 40 torch 1 0 2 0.1 0 0
1190 400 80 40 platform3 0 1 0
1780 360 80 40 platform3 0 1 0
880 440 80 40 platform3 0 1 0
2700 480 80 40 platform3 0 1 0
910 380 15 40 torch 1 0 2 0.1 0 0
4820 160 300 40 platform2 0 1 0
5620 140 45 70 wyjsciezkanalow 0 5 0
3800 520 500 40 platform1 0 1 0
4340 460 80 40 platform3 0 1 0
4490 400 80 40 platform3 0 1 0
4640 320 80 40 platform3 0 1 0
4810 240 80 40 platform3 0 1 0
4140 400 80 40 platform3 0 1 0
4300 320 80 40 platform3 0 1 0
4450 260 80 40 platform3 0 1 0
4600 200 80 40 platform3 0 1 0
3870 260 80 40 platform3 0 1 0
4020 300 80 40 platform3 0 1 0
1250 220 300 40 platform2x 0 3 0
730 480 40 40 wajha 2 0 0 0 0 0 0 2 0
5060 120 40 40 wajha 2 0 0 0 0 0 0 2 0
3520 220 300 40 platform2x 0 3 0
5390 220 300 40 platform2x 0 3 0
220 80 40 40 wajha 2 0 0 0 0 0 0 2 0
500 520 300 40 platform2 0 1 0
