51
0 0 1280 720 tlolvl1 0 0 0
1280 0 1280 720 tlolvl1 0 0 0
2560 0 1280 720 tlolvl1 0 0 0
3840 0 1280 720 tlolvl1 0 0 0
5120 0 1280 720 tlolvl1 0 0 0
0 540 300 75 faleszambatest 3 0 2 0.30 0 2 0.30 0 2 0.30 0 0
300 540 300 75 faleszambatest 3 0 2 0.30 0 2 0.30 0 2 0.30 0 0
600 540 300 75 faleszambatest 3 0 2 0.30 0 2 0.30 0 2 0.30 0 0
900 540 300 75 faleszambatest 3 0 2 0.30 0 2 0.30 0 2 0.30 0 0
1200 540 300 75 faleszambatest 3 0 2 0.30 0 2 0.30 0 2 0.30 0 0
1500 540 300 75 faleszambatest 3 0 2 0.30 0 2 0.30 0 2 0.30 0 0
1800 540 300 75 faleszambatest 3 0 2 0.30 0 2 0.30 0 2 0.30 0 0
2100 540 300 75 faleszambatest 3 0 2 0.30 0 2 0.30 0 2 0.30 0 0
2400 540 300 75 faleszambatest 3 0 2 0.30 0 2 0.30 0 2 0.30 0 0
2700 540 300 75 faleszambatest 3 0 2 0.30 0 2 0.30 0 2 0.30 0 0
3000 540 300 75 faleszambatest 3 0 2 0.30 0 2 0.30 0 2 0.30 0 0
3300 540 300 75 faleszambatest 3 0 2 0.30 0 2 0.30 0 2 0.30 0 0
3600 540 300 75 faleszambatest 3 0 2 0.30 0 2 0.30 0 2 0.30 0 0
3900 540 300 75 faleszambatest 3 0 2 0.30 0 2 0.30 0 2 0.30 0 0
4200 540 300 75 faleszambatest 3 0 2 0.30 0 2 0.30 0 2 0.30 0 0
4500 540 300 75 faleszambatest 3 0 2 0.30 0 2 0.30 0 2 0.30 0 0
4800 540 300 75 faleszambatest 3 0 2 0.30 0 2 0.30 0 2 0.30 0 0
5100 540 300 75 faleszambatest 3 0 2 0.30 0 2 0.30 0 2 0.30 0 0
5400 540 300 75 faleszambatest 3 0 2 0.30 0 2 0.30 0 2 0.30 0 0
5700 540 300 75 faleszambatest 3 0 2 0.30 0 2 0.30 0 2 0.30 0 0
6000 540 300 75 faleszambatest 3 0 2 0.30 0 2 0.30 0 2 0.30 0 0
6300 540 300 75 faleszambatest 3 0 2 0.30 0 2 0.30 0 2 0.30 0 0
0 520 500 40 platform1 0 1 0
30 400 15 40 torch 1 0 2 0.1 0 0
300 400 15 40 torch 1 0 2 0.1 0 0
560 400 15 40 torch 1 0 2 0.1 0 0
210 120 80 40 platform3 0 1 0
230 40 45 70 wyjsciezkanalow 0 5 0
1970 520 500 40 platform1 0 1 0
1730 340 300 40 platform2 0 1 0
2220 460 80 40 platform3 0 1 0
2320 400 80 40 platform3 0 1 0
2420 340 80 40 platform3 0 1 0
2070 280 300 40 platform2 0 1 0
1190 280 500 40 platform1 0 1 0
690 220 500 40 platform1 0 1 0
180 160 500 40 platform1 0 1 0
500 520 300 40 platform2 0 1 0
800 520 500 40 platform1 0 1 0
1300 520 500 40 platform1 0 1 0
2560 340 500 40 platform1 0 1 0
3300 520 500 40 platform1 0 1 0
3060 380 80 40 platform3 0 1 0
3140 420 80 40 platform3 0 1 0
3220 460 80 40 platform3 0 1 0
3870 480 300 40 platform2 0 1 0
