33
0 0 1280 720 tlolvl1 0 0 0
1280 0 1280 720 tlolvl1 0 0 0
0 540 300 75 faleszambatest 3 0 2 0.30 0 2 0.30 0 2 0.30 0 0
300 540 300 75 faleszambatest 3 0 2 0.30 0 2 0.30 0 2 0.30 0 1
600 540 300 75 faleszambatest 3 0 2 0.30 0 2 0.30 0 2 0.30 0 2
1200 540 300 75 faleszambatest 3 0 2 0.30 0 2 0.30 0 2 0.30 0 0
1500 540 300 75 faleszambatest 3 0 2 0.30 0 2 0.30 0 2 0.30 0 1
1800 540 300 75 faleszambatest 3 0 2 0.30 0 2 0.30 0 2 0.30 0 2
2100 540 300 75 faleszambatest 3 0 2 0.30 0 2 0.30 0 2 0.30 0 0
0 260 300 40 platform2 0 1 0
900 540 300 75 faleszambatest 3 0 2 0.30 0 2 0.30 0 2 0.30 0 0
460 510 500 40 platform1 0 1 0
1100 310 300 40 platform2 0 1 0
830 160 45 70 wyjsciezkanalow 0 5 0
1570 340 300 40 platform2 0 1 0
1700 330 15 10 kupmina 2 0 0 0 0 0 0 4 0 1 3
210 410 15 40 torch 1 0 2 0.1 0 0
520 400 15 40 torch 1 0 2 0.1 0 0
880 400 15 40 torch 1 0 2 0.1 0 0
760 180 15 40 torch 1 0 2 0.1 0 0
940 180 15 40 torch 1 0 2 0.1 0 0
200 190 15 40 torch 1 0 2 0.1 0 0
1610 280 15 40 torch 1 0 2 0.1 0 0
1820 280 15 40 torch 1 0 2 0.1 0 0
1140 250 15 40 torch 1 0 2 0.1 0 0
1340 250 15 40 torch 1 0 2 0.1 0 0
1340 350 15 40 torch 1 0 2 0.1 0 0
1490 400 80 40 platform3 0 1 0
730 230 500 40 platform1 0 1 0
730 280 80 40 platform3 0 1 0
80 520 80 40 platform3 0 1 0
1310 520 80 40 platform3 0 1 0
1430 460 80 40 platform3 0 1 0
