53
0 0 1280 720 tlolvl1 0 0 0
1280 0 1280 720 tlolvl1 0 0 0
2560 0 1280 720 tlolvl1 0 0 0
3840 0 1280 720 tlolvl1 0 0 0
5120 0 1280 720 tlolvl1 0 0 0
6400 0 1280 720 tlolvl1 0 0 0
0 540 300 75 faleszambatest 3 0 2 0.30 0 2 0.30 0 2 0.30 0 0
300 540 300 75 faleszambatest 3 0 2 0.30 0 2 0.30 0 2 0.30 0 0
600 540 300 75 faleszambatest 3 0 2 0.30 0 2 0.30 0 2 0.30 0 0
900 540 300 75 faleszambatest 3 0 2 0.30 0 2 0.30 0 2 0.30 0 0
1200 540 300 75 faleszambatest 3 0 2 0.30 0 2 0.30 0 2 0.30 0 0
1500 540 300 75 faleszambatest 3 0 2 0.30 0 2 0.30 0 2 0.30 0 0
1800 540 300 75 faleszambatest 3 0 2 0.30 0 2 0.30 0 2 0.30 0 0
2100 540 300 75 faleszambatest 3 0 2 0.30 0 2 0.30 0 2 0.30 0 0
2400 540 300 75 faleszambatest 3 0 2 0.30 0 2 0.30 0 2 0.30 0 0
2700 540 300 75 faleszambatest 3 0 2 0.30 0 2 0.30 0 2 0.30 0 0
3000 540 300 75 faleszambatest 3 0 2 0.30 0 2 0.30 0 2 0.30 0 0
3300 540 300 75 faleszambatest 3 0 2 0.30 0 2 0.30 0 2 0.30 0 0
3600 540 300 75 faleszambatest 3 0 2 0.30 0 2 0.30 0 2 0.30 0 0
3900 540 300 75 faleszambatest 3 0 2 0.30 0 2 0.30 0 2 0.30 0 0
4200 540 300 75 faleszambatest 3 0 2 0.30 0 2 0.30 0 2 0.30 0 0
4500 540 300 75 faleszambatest 3 0 2 0.30 0 2 0.30 0 2 0.30 0 0
4800 540 300 75 faleszambatest 3 0 2 0.30 0 2 0.30 0 2 0.30 0 0
5100 540 300 75 faleszambatest 3 0 2 0.30 0 2 0.30 0 2 0.30 0 0
5400 540 300 75 faleszambatest 3 0 2 0.30 0 2 0.30 0 2 0.30 0 0
5700 540 300 75 faleszambatest 3 0 2 0.30 0 2 0.30 0 2 0.30 0 0
6000 540 300 75 faleszambatest 3 0 2 0.30 0 2 0.30 0 2 0.30 0 0
0 290 300 40 platform2 0 1 0
1660 260 300 40 platform2 0 1 0
1360 260 300 40 platform2 0 1 0
1360 300 80 40 platform3 0 1 0
980 260 80 40 platform3 0 1 0
470 440 15 40 torch 1 0 2 0.1 0 0
840 440 15 40 torch 1 0 2 0.1 0 0
1140 430 15 40 torch 1 0 2 0.1 0 0
1510 440 15 40 torch 1 0 2 0.1 0 0
1400 190 15 40 torch 1 0 2 0.1 0 0
1900 200 15 40 torch 1 0 2 0.1 0 0
1650 200 15 40 torch 1 0 2 0.1 0 0
230 220 15 40 torch 1 0 2 0.1 0 0
760 510 500 40 platform1 0 1 0
990 190 45 70 wyjsciezkanalow 0 5 0
1040 250 15 10 kupmina 2 0 0 0 0 0 0 4 0 1 3
980 250 15 10 kupmina 2 0 0 0 0 0 0 4 0 1 3
1010 250 15 10 kupmina 2 0 0 0 0 0 0 4 0 1 3
560 470 80 40 platform3 0 1 0
440 250 300 40 platform2 0 1 0
760 200 80 40 platform3 0 1 0
870 130 300 40 platform2 0 1 0
1430 480 80 40 platform3 0 1 0
1690 440 80 40 platform3 0 1 0
1860 390 80 40 platform3 0 1 0
2020 320 80 40 platform3 0 1 0
