79
0 0 1280 720 tlolvl1 0 0 0
1280 0 1280 720 tlolvl1 0 0 0
2560 0 1280 720 tlolvl1 0 0 0
3840 0 1280 720 tlolvl1 0 0 0
5120 0 1280 720 tlolvl1 0 0 0
6400 0 1280 720 tlolvl1 0 0 0
0 540 300 75 faleszambatest 3 0 2 0.30 0 2 0.30 0 2 0.30 0 0
300 540 300 75 faleszambatest 3 0 2 0.30 0 2 0.30 0 2 0.30 0 1
600 540 300 75 faleszambatest 3 0 2 0.30 0 2 0.30 0 2 0.30 0 2
900 540 300 75 faleszambatest 3 0 2 0.30 0 2 0.30 0 2 0.30 0 0
1200 540 300 75 faleszambatest 3 0 2 0.30 0 2 0.30 0 2 0.30 0 1
1500 540 300 75 faleszambatest 3 0 2 0.30 0 2 0.30 0 2 0.30 0 2
1800 540 300 75 faleszambatest 3 0 2 0.30 0 2 0.30 0 2 0.30 0 0
2100 540 300 75 faleszambatest 3 0 2 0.30 0 2 0.30 0 2 0.30 0 1
2400 540 300 75 faleszambatest 3 0 2 0.30 0 2 0.30 0 2 0.30 0 2
2700 540 300 75 faleszambatest 3 0 2 0.30 0 2 0.30 0 2 0.30 0 0
3000 540 300 75 faleszambatest 3 0 2 0.30 0 2 0.30 0 2 0.30 0 1
3300 540 300 75 faleszambatest 3 0 2 0.30 0 2 0.30 0 2 0.30 0 2
3600 540 300 75 faleszambatest 3 0 2 0.30 0 2 0.30 0 2 0.30 0 0
3900 540 300 75 faleszambatest 3 0 2 0.30 0 2 0.30 0 2 0.30 0 1
4200 540 300 75 faleszambatest 3 0 2 0.30 0 2 0.30 0 2 0.30 0 2
4500 540 300 75 faleszambatest 3 0 2 0.30 0 2 0.30 0 2 0.30 0 0
4800 540 300 75 faleszambatest 3 0 2 0.30 0 2 0.30 0 2 0.30 0 1
5100 540 300 75 faleszambatest 3 0 2 0.30 0 2 0.30 0 2 0.30 0 2
5400 540 300 75 faleszambatest 3 0 2 0.30 0 2 0.30 0 2 0.30 0 0
5700 540 300 75 faleszambatest 3 0 2 0.30 0 2 0.30 0 2 0.30 0 1
6000 540 300 75 faleszambatest 3 0 2 0.30 0 2 0.30 0 2 0.30 0 2
0 520 500 40 platform1 0 1 0
0 270 300 40 platform2 0 1 0
1000 440 300 40 platform2 0 1 0
1470 400 80 40 platform3 0 1 0
1750 450 300 40 platform2 0 1 0
1360 160 300 40 platform2x 0 3 0
2160 520 500 40 platform1 0 1 0
2700 480 80 40 platform3 0 1 0
2820 440 300 40 platform2 0 1 0
3170 410 80 40 platform3 0 1 0
3290 370 300 40 platform2 0 1 0
3650 340 80 40 platform3 0 1 0
3770 290 300 40 platform2 0 1 0
3650 220 80 40 platform3 0 1 0
3290 180 300 40 platform2 0 1 0
2680 140 500 40 platform1 0 1 0
2030 170 500 40 platform1 0 1 0
1840 150 80 40 platform3 0 1 0
880 140 300 40 platform2 0 1 0
890 60 45 70 wyjsciezkanalow 0 5 0
4160 330 80 40 platform3x 0 3 0
4570 330 40 40 wajha 2 0 0 0 0 0 0 2 0
2880 100 40 40 wajha 2 0 0 0 0 0 0 2 0
3790 210 15 40 torch 1 0 2 0.1 0 0
4030 210 15 40 torch 1 0 2 0.1 0 0
3300 90 15 40 torch 1 0 2 0.1 0 0
3530 90 15 40 torch 1 0 2 0.1 0 0
3300 300 15 40 torch 1 0 2 0.1 0 0
3550 310 15 40 torch 1 0 2 0.1 0 0
2750 70 15 40 torch 1 0 2 0.1 0 0
3110 70 15 40 torch 1 0 2 0.1 0 0
2950 370 15 40 torch 1 0 2 0.1 0 0
2550 440 15 40 torch 1 0 2 0.1 0 0
2260 440 15 40 torch 1 0 2 0.1 0 0
2090 100 15 40 torch 1 0 2 0.1 0 0
2430 110 15 40 torch 1 0 2 0.1 0 0
1890 380 15 40 torch 1 0 2 0.1 0 0
1650 310 15 40 torch 1 0 2 0.1 0 0
1360 300 15 40 torch 1 0 2 0.1 0 0
1130 340 15 40 torch 1 0 2 0.1 0 0
10 180 15 40 torch 1 0 2 0.1 0 0
230 190 15 40 torch 1 0 2 0.1 0 0
860 420 15 40 torch 1 0 2 0.1 0 0
20 420 15 40 torch 1 0 2 0.1 0 0
1030 70 15 40 torch 1 0 2 0.1 0 0
500 520 500 40 platform1 0 1 0
1100 190 80 40 platform3 0 1 0
4390 370 300 40 platform2 0 1 0
4630 310 15 40 torch 1 0 2 0.1 0 0
4430 310 15 40 torch 1 0 2 0.1 0 0
560 430 15 40 torch 1 0 2 0.1 0 0
400 430 15 40 torch 1 0 2 0.1 0 0
