140
0 0 1280 720 tlolvl1 0 0 0
1280 0 1280 720 tlolvl1 0 0 0
2560 0 1280 720 tlolvl1 0 0 0
3840 0 1280 720 tlolvl1 0 0 0
5120 0 1280 720 tlolvl1 0 0 0
6400 0 1280 720 tlolvl1 0 0 0
7680 0 1280 720 tlolvl1 0 0 0
0 540 300 75 faleszambatest 3 0 2 0.30 0 2 0.30 0 2 0.30 0 0
300 540 300 75 faleszambatest 3 0 2 0.30 0 2 0.30 0 2 0.30 0 1
600 540 300 75 faleszambatest 3 0 2 0.30 0 2 0.30 0 2 0.30 0 2
900 540 300 75 faleszambatest 3 0 2 0.30 0 2 0.30 0 2 0.30 0 0
1200 540 300 75 faleszambatest 3 0 2 0.30 0 2 0.30 0 2 0.30 0 1
1500 540 300 75 faleszambatest 3 0 2 0.30 0 2 0.30 0 2 0.30 0 2
1800 540 300 75 faleszambatest 3 0 2 0.30 0 2 0.30 0 2 0.30 0 0
2100 540 300 75 faleszambatest 3 0 2 0.30 0 2 0.30 0 2 0.30 0 1
2400 540 300 75 faleszambatest 3 0 2 0.30 0 2 0.30 0 2 0.30 0 2
2700 540 300 75 faleszambatest 3 0 2 0.30 0 2 0.30 0 2 0.30 0 0
3000 540 300 75 faleszambatest 3 0 2 0.30 0 2 0.30 0 2 0.30 0 1
3300 540 300 75 faleszambatest 3 0 2 0.30 0 2 0.30 0 2 0.30 0 2
3600 540 300 75 faleszambatest 3 0 2 0.30 0 2 0.30 0 2 0.30 0 0
3900 540 300 75 faleszambatest 3 0 2 0.30 0 2 0.30 0 2 0.30 0 1
4200 540 300 75 faleszambatest 3 0 2 0.30 0 2 0.30 0 2 0.30 0 2
4500 540 300 75 faleszambatest 3 0 2 0.30 0 2 0.30 0 2 0.30 0 0
4800 540 300 75 faleszambatest 3 0 2 0.30 0 2 0.30 0 2 0.30 0 1
5100 540 300 75 faleszambatest 3 0 2 0.30 0 2 0.30 0 2 0.30 0 2
5400 540 300 75 faleszambatest 3 0 2 0.30 0 2 0.30 0 2 0.30 0 0
6000 540 300 75 faleszambatest 3 0 2 0.30 0 2 0.30 0 2 0.30 0 1
6300 540 300 75 faleszambatest 3 0 2 0.30 0 2 0.30 0 2 0.30 0 2
6600 540 300 75 faleszambatest 3 0 2 0.30 0 2 0.30 0 2 0.30 0 0
6900 540 300 75 faleszambatest 3 0 2 0.30 0 2 0.30 0 2 0.30 0 1
7200 540 300 75 faleszambatest 3 0 2 0.30 0 2 0.30 0 2 0.30 0 2
7500 540 300 75 faleszambatest 3 0 2 0.30 0 2 0.30 0 2 0.30 0 0
0 510 300 40 platform2 0 1 0
430 510 300 40 platform2 0 1 0
790 470 80 40 platform3 0 1 0
640 410 80 40 platform3 0 1 0
790 370 300 40 platform2 0 1 0
1000 510 500 40 platform1 0 1 0
1520 450 300 40 platform2 0 1 0
1380 380 80 40 platform3 0 1 0
1500 330 300 40 platform2 0 1 0
1990 420 500 40 platform1 0 1 0
1970 180 500 40 platform1 0 1 0
1790 140 80 40 platform3 0 1 0
1180 170 500 40 platform1 0 1 0
770 110 300 40 platform2 0 1 0
2630 510 300 40 platform2 0 1 0
3090 460 80 40 platform3 0 1 0
2900 380 80 40 platform3 0 1 0
3070 320 80 40 platform3 0 1 0
4120 450 80 40 platform3 0 1 0
4660 480 80 40 platform3 0 1 0
4430 320 80 40 platform3 0 1 0
4880 510 500 40 platform1 0 1 0
5380 510 300 40 platform2 0 1 0
5720 470 300 40 platform2 0 1 0
5580 410 80 40 platform3 0 1 0
5750 350 300 40 platform2 0 1 0
6100 390 300 40 platform2 0 1 0
6460 430 300 40 platform2 0 1 0
6840 470 300 40 platform2 0 1 0
7080 430 40 40 wajha 2 0 0 0 0 0 0 2 0
2710 220 80 40 platform3x 0 3 0
770 70 40 40 wajha 2 0 0 0 0 0 0 2 0
4600 260 300 40 platform2x 0 3 0
5010 260 80 40 platform3 0 1 0
5130 200 500 40 platform1 0 1 0
4810 130 300 40 platform2 0 1 0
5660 140 300 40 platform2 0 1 0
6000 180 80 40 platform3 0 1 0
6140 140 300 40 platform2 0 1 0
6480 180 80 40 platform3 0 1 0
6610 220 500 40 platform1 0 1 0
6610 90 500 40 platform1 0 1 0
5700 540 300 75 faleszambatest 3 0 2 0.30 0 2 0.30 0 2 0.30 0 0
10 430 15 40 torch 1 0 2 0.1 0 0
240 440 15 40 torch 1 0 2 0.1 0 0
460 440 15 40 torch 1 0 2 0.1 0 0
680 450 15 40 torch 1 0 2 0.1 0 0
820 310 15 40 torch 1 0 2 0.1 0 0
1040 320 15 40 torch 1 0 2 0.1 0 0
1050 450 15 40 torch 1 0 2 0.1 0 0
1440 450 15 40 torch 1 0 2 0.1 0 0
1540 390 15 40 torch 1 0 2 0.1 0 0
1760 390 15 40 torch 1 0 2 0.1 0 0
1510 270 15 40 torch 1 0 2 0.1 0 0
1770 270 15 40 torch 1 0 2 0.1 0 0
1210 100 15 40 torch 1 0 2 0.1 0 0
1640 110 15 40 torch 1 0 2 0.1 0 0
2000 110 15 40 torch 1 0 2 0.1 0 0
2420 120 15 40 torch 1 0 2 0.1 0 0
2030 350 15 40 torch 1 0 2 0.1 0 0
2450 360 15 40 torch 1 0 2 0.1 0 0
2660 450 15 40 torch 1 0 2 0.1 0 0
2880 450 15 40 torch 1 0 2 0.1 0 0
830 40 15 40 torch 1 0 2 0.1 0 0
1010 40 15 40 torch 1 0 2 0.1 0 0
2440 410 40 10 kolce 2 0 0 0 0 0 0 4 0 50 5
1770 320 15 10 kupmina 2 0 0 0 0 0 0 4 0 1 3
1560 440 15 10 kupmina 2 0 0 0 0 0 0 4 0 1 3
670 400 15 10 kupmina 2 0 0 0 0 0 0 4 0 1 3
810 100 40 10 kolce 2 0 0 0 0 0 0 4 0 50 5
1850 130 15 10 kupmina 2 0 0 0 0 0 0 4 0 1 3
3100 240 15 40 torch 1 0 2 0.1 0 0
3640 210 15 40 torch 1 0 2 0.1 0 0
4150 380 15 40 torch 1 0 2 0.1 0 0
4840 70 15 40 torch 1 0 2 0.1 0 0
5060 70 15 40 torch 1 0 2 0.1 0 0
3960 340 80 40 platform3 0 1 0
3630 310 80 40 platform3 0 1 0
3300 280 80 40 platform3 0 1 0
4280 380 80 40 platform3 0 1 0
4420 460 80 40 platform3 0 1 0
6470 420 40 10 kolce 2 0 0 0 0 0 0 4 0 50 5
6150 380 15 10 kupmina 2 0 0 0 0 0 0 4 0 1 3
7030 460 40 10 kolce 2 0 0 0 0 0 0 4 0 50 5
7230 220 80 40 platform3 0 1 0
7250 150 45 70 wyjsciezkanalow 0 5 0
4920 450 15 40 torch 1 0 2 0.1 0 0
5330 450 15 40 torch 1 0 2 0.1 0 0
5620 450 15 40 torch 1 0 2 0.1 0 0
5740 410 15 40 torch 1 0 2 0.1 0 0
5980 410 15 40 torch 1 0 2 0.1 0 0
6130 330 15 40 torch 1 0 2 0.1 0 0
6350 330 15 40 torch 1 0 2 0.1 0 0
6710 370 15 40 torch 1 0 2 0.1 0 0
6500 360 15 40 torch 1 0 2 0.1 0 0
6960 400 15 40 torch 1 0 2 0.1 0 0
6650 150 15 40 torch 1 0 2 0.1 0 0
7050 160 15 40 torch 1 0 2 0.1 0 0
7030 20 15 40 torch 1 0 2 0.1 0 0
6670 20 15 40 torch 1 0 2 0.1 0 0
6170 70 15 40 torch 1 0 2 0.1 0 0
6380 80 15 40 torch 1 0 2 0.1 0 0
5690 70 15 40 torch 1 0 2 0.1 0 0
5910 70 15 40 torch 1 0 2 0.1 0 0
5210 140 15 40 torch 1 0 2 0.1 0 0
5510 140 15 40 torch 1 0 2 0.1 0 0
1420 160 15 10 kupmina 2 0 0 0 0 0 0 4 0 1 3
3020 210 80 40 platform3 0 1 0
