83
0 0 1280 720 tlolvl1 0 0 0
1280 0 1280 720 tlolvl1 0 0 0
2560 0 1280 720 tlolvl1 0 0 0
3840 0 1280 720 tlolvl1 0 0 0
5120 0 1280 720 tlolvl1 0 0 0
6400 0 1280 720 tlolvl1 0 0 0
0 540 300 75 faleszambatest 3 0 2 0.30 0 2 0.30 0 2 0.30 0 0
300 540 300 75 faleszambatest 3 0 2 0.30 0 2 0.30 0 2 0.30 0 0
600 540 300 75 faleszambatest 3 0 2 0.30 0 2 0.30 0 2 0.30 0 0
900 540 300 75 faleszambatest 3 0 2 0.30 0 2 0.30 0 2 0.30 0 0
1200 540 300 75 faleszambatest 3 0 2 0.30 0 2 0.30 0 2 0.30 0 0
1500 540 300 75 faleszambatest 3 0 2 0.30 0 2 0.30 0 2 0.30 0 0
1800 540 300 75 faleszambatest 3 0 2 0.30 0 2 0.30 0 2 0.30 0 0
2100 540 300 75 faleszambatest 3 0 2 0.30 0 2 0.30 0 2 0.30 0 0
2400 540 300 75 faleszambatest 3 0 2 0.30 0 2 0.30 0 2 0.30 0 0
2700 540 300 75 faleszambatest 3 0 2 0.30 0 2 0.30 0 2 0.30 0 0
3000 540 300 75 faleszambatest 3 0 2 0.30 0 2 0.30 0 2 0.30 0 0
3300 540 300 75 faleszambatest 3 0 2 0.30 0 2 0.30 0 2 0.30 0 0
3600 540 300 75 faleszambatest 3 0 2 0.30 0 2 0.30 0 2 0.30 0 0
3900 540 300 75 faleszambatest 3 0 2 0.30 0 2 0.30 0 2 0.30 0 0
4200 540 300 75 faleszambatest 3 0 2 0.30 0 2 0.30 0 2 0.30 0 0
4500 540 300 75 faleszambatest 3 0 2 0.30 0 2 0.30 0 2 0.30 0 0
4800 540 300 75 faleszambatest 3 0 2 0.30 0 2 0.30 0 2 0.30 0 0
5100 540 300 75 faleszambatest 3 0 2 0.30 0 2 0.30 0 2 0.30 0 0
5400 540 300 75 faleszambatest 3 0 2 0.30 0 2 0.30 0 2 0.30 0 0
5700 540 300 75 faleszambatest 3 0 2 0.30 0 2 0.30 0 2 0.30 0 0
6000 540 300 75 faleszambatest 3 0 2 0.30 0 2 0.30 0 2 0.30 0 0
0 510 500 40 platform1 0 1 0
500 420 300 40 platform2 0 1 0
390 350 80 40 platform3 0 1 0
500 280 500 40 platform1 0 1 0
380 210 80 40 platform3 0 1 0
500 160 500 40 platform1 0 1 0
270 110 80 40 platform3 0 1 0
280 70 40 40 wajha 2 0 0 0 0 0 0 2 0
1080 320 300 40 platform2 0 1 0
1490 370 80 40 platform3 0 1 0
1660 330 80 40 platform3 0 1 0
1840 370 80 40 platform3 0 1 0
2020 330 300 40 platform2 0 1 0
1450 130 500 40 platform1 0 1 0
1080 130 300 40 platform2x 0 3 0
2380 380 80 40 platform3 0 1 0
2500 420 80 40 platform3 0 1 0
2640 460 80 40 platform3 0 1 0
2530 190 300 40 platform2 0 1 0
2410 120 80 40 platform3 0 1 0
2420 50 45 70 wyjsciezkanalow 0 5 0
2900 230 80 40 platform3x 0 3 0
3550 210 80 40 platform3 0 1 0
3720 270 80 40 platform3 0 1 0
3710 140 80 40 platform3 0 1 0
3280 90 300 40 platform2 0 1 0
3880 110 80 40 platform3 0 1 0
3900 70 40 40 wajha 2 0 0 0 0 0 0 2 0
3170 320 500 40 platform1 0 1 0
2820 410 80 40 platform3 0 1 0
2990 360 80 40 platform3 0 1 0
3080 270 80 40 platform3 0 1 0
20 430 15 40 torch 1 0 2 0.1 0 0
420 430 15 40 torch 1 0 2 0.1 0 0
750 360 15 40 torch 1 0 2 0.1 0 0
530 360 15 40 torch 1 0 2 0.1 0 0
940 220 15 40 torch 1 0 2 0.1 0 0
550 90 15 40 torch 1 0 2 0.1 0 0
550 220 15 40 torch 1 0 2 0.1 0 0
950 90 15 40 torch 1 0 2 0.1 0 0
1100 240 15 40 torch 1 0 2 0.1 0 0
1310 240 15 40 torch 1 0 2 0.1 0 0
1600 60 15 40 torch 1 0 2 0.1 0 0
1780 60 15 40 torch 1 0 2 0.1 0 0
2040 260 15 40 torch 1 0 2 0.1 0 0
2260 260 15 40 torch 1 0 2 0.1 0 0
2560 130 15 40 torch 1 0 2 0.1 0 0
2770 130 15 40 torch 1 0 2 0.1 0 0
2840 400 15 10 kupmina 2 0 0 0 0 0 0 4 0 1 3
3740 260 15 10 kupmina 2 0 0 0 0 0 0 4 0 1 3
970 150 15 10 kupmina 2 0 0 0 0 0 0 4 0 1 3
3210 250 15 40 torch 1 0 2 0.1 0 0
3600 260 15 40 torch 1 0 2 0.1 0 0
3300 30 15 40 torch 1 0 2 0.1 0 0
3520 40 15 40 torch 1 0 2 0.1 0 0
3910 20 15 40 torch 1 0 2 0.1 0 0
