9
3990 440 80 25 kupka 5 -55 150 2 0 1 0.45 0 1 0.45 0 1200 1.25 1 bobekatt 5 5 -500 0 400 1 1
3630 480 35 35 bobek 5 -55 150 2 0 1 0.35 0 1 0.35 0 1200 1.75 1 bobekatt 5 5 -420 0 300 1 1
2870 280 35 35 bobek 5 -55 150 2 0 1 0.35 0 1 0.35 0 1200 1.75 1 bobekatt 5 5 -420 0 300 1 1
2340 480 35 35 bobek 5 -55 150 2 0 1 0.35 0 1 0.35 0 1200 1.75 1 bobekatt 5 5 -420 0 300 1 1
1860 280 35 35 bobek 5 -55 150 2 0 1 0.35 0 1 0.35 0 1200 1.75 1 bobekatt 5 5 -420 0 300 1 1
870 160 35 35 bobek 5 -55 150 2 0 1 0.35 0 1 0.35 0 1200 1.75 1 bobekatt 5 5 -420 0 300 1 1
350 120 35 35 bobek 5 -55 150 2 0 1 0.35 0 1 0.35 0 1200 1.75 1 bobekatt 5 5 -420 0 300 1 1
1530 440 35 35 bobek 5 -55 150 2 0 1 0.35 0 1 0.35 0 1200 1.75 1 bobekatt 5 5 -420 0 300 1 1
700 160 40 40 rura 15 0 0 0 0 1200 2 3 bobekatt 15 5 0 500 600 1 1
